NormalCube
-1.087205
0.500001
3.474705
0
0
0
NormalCube
-2.087205
0.500001
3.474705
0
0
0
NormalCube
-3.087205
0.500001
3.474705
0
0
0
NormalCube
-4.087205
0.500001
3.474705
0
0
0
NormalCube
-5.087205
0.500001
3.474705
0
0
0
NormalCube
-5.087205
0.500001
3.474705
0
0
0
NormalCube
-5.087205
0.500001
3.474705
0
0
0
NormalCube
-5.087205
0.500001
3.474705
0
0
0
NormalCube
-5.087205
0.500001
3.474705
0
0
0
NormalCube
-5.087205
0.500001
3.474705
0
0
0
NormalCube
-4.087205
0.500001
3.474705
0
0
0
NormalCube
-4.087205
0.500001
3.474705
0
0
0
NormalCube
-4.087205
0.500001
3.474705
0
0
0
NormalCube
-4.087205
0.500001
3.474705
0
0
0
NormalCube
-4.087205
0.500001
3.474705
0
0
0
NormalCube
-4.087205
0.500001
3.474705
0
0
0
NormalCube
-4.087205
0.500001
3.474705
0
0
0
NormalCube
-3.087205
0.500001
3.474705
0
0
0
NormalCube
-3.087205
0.500001
3.474705
0
0
0
NormalCube
-3.087205
0.500001
3.474705
0
0
0
NormalCube
-3.087205
0.500001
3.474705
0
0
0
NormalCube
-3.087205
0.500001
3.474705
0
0
0
NormalCube
-3.087205
0.500001
3.474705
0
0
0
NormalCube
-3.087205
0.500001
3.474705
0
0
0
NormalCube
-2.087205
0.500001
3.474705
0
0
0
NormalCube
-2.087205
0.500001
3.474705
0
0
0
NormalCube
-2.087205
0.500001
3.474705
0
0
0
NormalCube
-2.087205
0.500001
3.474705
0
0
0
NormalCube
-2.087205
0.500001
3.474705
0
0
0
NormalCube
-2.087205
0.500001
3.474705
0
0
0
NormalCube
-2.087205
0.500001
3.474705
0
0
0
NormalCube
-1.087205
0.500001
3.474705
0
0
0
NormalCube
-1.087205
0.500001
3.474705
0
0
0
NormalCube
-1.087205
0.500001
3.474705
0
0
0
NormalCube
-1.087205
0.500001
3.474705
0
0
0
NormalCube
-1.087205
0.500001
3.474705
0
0
0
NormalCube
-1.087205
0.500001
0
0
0
0
NormalCube
-1.087205
0
0
0
0
0
NormalCube
0
0
0
0
0
0
NormalCube
-4.5
0.38
2.33
0
0
0
NormalCube
0.9127951
0.500001
3.474705
0
0
0
NormalCube
-0.08720493
0.500001
3.474705
0
0
0
NormalCube
-1.087205
0.500001
3.474705
0
0
0
NormalCube
-5.087205
0.500001
3.474705
0
0
0
NormalCube
-5.087205
0.500001
3.474705
0
0
0
NormalCube
-5.087205
0.500001
3.474705
0
0
0
NormalCube
-5.087205
0.500001
3.474705
0
0
0
NormalCube
-5.087205
0.500001
3.474705
0
0
0
NormalCube
-4.087205
0.500001
3.474705
0
0
0
NormalCube
-4.087205
0.500001
3.474705
0
0
0
NormalCube
-4.087205
0.500001
3.474705
0
0
0
NormalCube
-4.087205
0.500001
3.474705
0
0
0
NormalCube
-4.087205
0.500001
3.474705
0
0
0
NormalCube
-4.087205
0.500001
3.474705
0
0
0
NormalCube
-4.087205
0.500001
3.474705
0
0
0
NormalCube
-3.087205
0.500001
3.474705
0
0
0
NormalCube
-3.087205
0.500001
3.474705
0
0
0
NormalCube
-3.087205
0.500001
3.474705
0
0
0
NormalCube
-3.087205
0.500001
3.474705
0
0
0
NormalCube
-3.087205
0.500001
3.474705
0
0
0
NormalCube
-3.087205
0.500001
3.474705
0
0
0
NormalCube
-3.087205
0.500001
3.474705
0
0
0
NormalCube
-2.087205
0.500001
3.474705
0
0
0
NormalCube
-2.087205
0.500001
3.474705
0
0
0
NormalCube
-2.087205
0.500001
3.474705
0
0
0
NormalCube
-2.087205
0.500001
3.474705
0
0
0
NormalCube
-2.087205
0.500001
3.474705
0
0
0
NormalCube
-2.087205
0.500001
3.474705
0
0
0
NormalCube
-2.087205
0.500001
3.474705
0
0
0
NormalCube
-1.087205
0.500001
3.474705
0
0
0
NormalCube
-1.087205
0.500001
3.474705
0
0
0
NormalCube
-1.087205
0.500001
3.474705
0
0
0
NormalCube
-1.087205
0.500001
3.474705
0
0
0
NormalCube
-1.087205
0.500001
3.474705
0
0
0
